3.361000000000000227e+02
3.393199999999999932e+02
3.450299999999999727e+02
3.443199999999999932e+02
3.434399999999999977e+02
3.465000000000000000e+02
3.518799999999999955e+02
3.551999999999999886e+02
3.581600000000000250e+02
3.545400000000000205e+02
3.568500000000000227e+02
3.591800000000000068e+02
3.598999999999999773e+02
3.631299999999999955e+02
3.583000000000000114e+02
3.505600000000000023e+02
3.386100000000000136e+02
3.426200000000000045e+02
3.428799999999999955e+02
3.481600000000000250e+02
3.532099999999999795e+02
3.493100000000000023e+02
3.521200000000000045e+02
3.595600000000000023e+02
3.600000000000000000e+02
3.553600000000000136e+02
3.557599999999999909e+02
3.524700000000000273e+02
3.466700000000000159e+02
3.519900000000000091e+02
